RT78FullRawCapUpperLimit = {
	3500, 3500, 3500, 3500, 3500, 3500, 3500, 3500, 3500, 3500, 3500, 3500, 3500, 3500, 3500, 3500, 3500, 3500, 3500, 3500, 3500, 3500, 3500, 3500, 3500, 3500, 3500, 3500, 3500, 3500, 3500, 3500,
	3500, 3500, 3500, 3500, 3500, 3500, 3500, 3500, 3500, 3500, 3500, 3500, 3500, 3500, 3500, 3500, 3500, 3500, 3500, 3500, 3500, 3500, 3500, 3500, 3500, 3500, 3500, 3500, 3500, 3500, 3500, 3500,
	3500, 3500, 3500, 3500, 3500, 3500, 3500, 3500, 3500, 3500, 3500, 3500, 3500, 3500, 3500, 3500, 3500, 3500, 3500, 3500, 3500, 3500, 3500, 3500, 3500, 3500, 3500, 3500, 3500, 3500, 3500, 3500,
	3500, 3500, 3500, 3500, 3500, 3500, 3500, 3500, 3500, 3500, 3500, 3500, 3500, 3500, 3500, 3500, 3500, 3500, 3500, 3500, 3500, 3500, 3500, 3500, 3500, 3500, 3500, 3500, 3500, 3500, 3500, 3500,
	3500, 3500, 3500, 3500, 3500, 3500, 3500, 3500, 3500, 3500, 3500, 3500, 3500, 3500, 3500, 3500, 3500, 3500, 3500, 3500, 3500, 3500, 3500, 3500, 3500, 3500, 3500, 3500, 3500, 3500, 3500, 3500,
	3500, 3500, 3500, 3500, 3500, 3500, 3500, 3500, 3500, 3500, 3500, 3500, 3500, 3500, 3500, 3500, 3500, 3500, 3500, 3500, 3500, 3500, 3500, 3500, 3500, 3500, 3500, 3500, 3500, 3500, 3500, 3500,
	3500, 3500, 3500, 3500, 3500, 3500, 3500, 3500, 3500, 3500, 3500, 3500, 3500, 3500, 3500, 3500, 3500, 3500, 3500, 3500, 3500, 3500, 3500, 3500, 3500, 3500, 3500, 3500, 3500, 3500, 3500, 3500,
	3500, 3500, 3500, 3500, 3500, 3500, 3500, 3500, 3500, 3500, 3500, 3500, 3500, 3500, 3500, 3500, 3500, 3500, 3500, 3500, 3500, 3500, 3500, 3500, 3500, 3500, 3500, 3500, 3500, 3500, 3500, 3500,
	3500, 3500, 3500, 3500, 3500, 3500, 3500, 3500, 3500, 3500, 3500, 3500, 3500, 3500, 3500, 3500, 3500, 3500, 3500, 3500, 3500, 3500, 3500, 3500, 3500, 3500, 3500, 3500, 3500, 3500, 3500, 3500,
	3500, 3500, 3500, 3500, 3500, 3500, 3500, 3500, 3500, 3500, 3500, 3500, 3500, 3500, 3500, 3500, 3500, 3500, 3500, 3500, 3500, 3500, 3500, 3500, 3500, 3500, 3500, 3500, 3500, 3500, 3500, 3500,
	3500, 3500, 3500, 3500, 3500, 3500, 3500, 3500, 3500, 3500, 3500, 3500, 3500, 3500, 3500, 3500, 3500, 3500, 3500, 3500, 3500, 3500, 3500, 3500, 3500, 3500, 3500, 3500, 3500, 3500, 3500, 3500,
	3500, 3500, 3500, 3500, 3500, 3500, 3500, 3500, 3500, 3500, 3500, 3500, 3500, 3500, 3500, 3500, 3500, 3500, 3500, 3500, 3500, 3500, 3500, 3500, 3500, 3500, 3500, 3500, 3500, 3500, 3500, 3500,
	3500, 3500, 3500, 3500, 3500, 3500, 3500, 3500, 3500, 3500, 3500, 3500, 3500, 3500, 3500, 3500, 3500, 3500, 3500, 3500, 3500, 3500, 3500, 3500, 3500, 3500, 3500, 3500, 3500, 3500, 3500, 3500,
	3500, 3500, 3500, 3500, 3500, 3500, 3500, 3500, 3500, 3500, 3500, 3500, 3500, 3500, 3500, 3500, 3500, 3500, 3500, 3500, 3500, 3500, 3500, 3500, 3500, 3500, 3500, 3500, 3500, 3500, 3500, 3500,
	3500, 3500, 3500, 3500, 3500, 3500, 3500, 3500, 3500, 3500, 3500, 3500, 3500, 3500, 3500, 3500, 3500, 3500, 3500, 3500, 3500, 3500, 3500, 3500, 3500, 3500, 3500, 3500, 3500, 3500, 3500, 3500,
	3500, 3500, 3500, 3500, 3500, 3500, 3500, 3500, 3500, 3500, 3500, 3500, 3500, 3500, 3500, 3500, 3500, 3500, 3500, 3500, 3500, 3500, 3500, 3500, 3500, 3500, 3500, 3500, 3500, 3500, 3500, 3500,
	3500, 3500, 3500, 3500, 3500, 3500, 3500, 3500, 3500, 3500, 3500, 3500, 3500, 3500, 3500, 3500, 3500, 3500, 3500, 3500, 3500, 3500, 3500, 3500, 3500, 3500, 3500, 3500, 3500, 3500, 3500, 3500,
	3500, 3500, 3500, 3500, 3500, 3500, 3500, 3500, 3500, 3500, 3500, 3500, 3500, 3500, 3500, 3500, 3500, 3500, 3500, 3500, 3500, 3500, 3500, 3500, 3500, 3500, 3500, 3500, 3500, 3500, 3500, 3500,
	3500, 3500, 3500, 3500, 3500, 3500, 3500, 3500, 3500, 3500, 3500, 3500, 3500, 3500, 3500, 3500, 3500, 3500, 3500, 3500, 3500, 3500, 3500, 3500, 3500, 3500, 3500, 3500, 3500, 3500, 3500, 3500,
	3500, 3500, 3500, 3500, 3500, 3500, 3500, 3500, 3500, 3500, 3500, 3500, 3500, 3500, 3500, 3500, 3500, 3500, 3500, 3500, 3500, 3500, 3500, 3500, 3500, 3500, 3500, 3500, 3500, 3500, 3500, 3500,
	3500, 3500, 3500, 3500, 3500, 3500, 3500, 3500, 3500, 3500, 3500, 3500, 3500, 3500, 3500, 3500, 3500, 3500, 3500, 3500, 3500, 3500, 3500, 3500, 3500, 3500, 3500, 3500, 3500, 3500, 3500, 3500,
	3500, 3500, 3500, 3500, 3500, 3500, 3500, 3500, 3500, 3500, 3500, 3500, 3500, 3500, 3500, 3500, 3500, 3500, 3500, 3500, 3500, 3500, 3500, 3500, 3500, 3500, 3500, 3500, 3500, 3500, 3500, 3500,
	3500, 3500, 3500, 3500, 3500, 3500, 3500, 3500, 3500, 3500, 3500, 3500, 3500, 3500, 3500, 3500, 3500, 3500, 3500, 3500, 3500, 3500, 3500, 3500, 3500, 3500, 3500, 3500, 3500, 3500, 3500, 3500,
	3500, 3500, 3500, 3500, 3500, 3500, 3500, 3500, 3500, 3500, 3500, 3500, 3500, 3500, 3500, 3500, 3500, 3500, 3500, 3500, 3500, 3500, 3500, 3500, 3500, 3500, 3500, 3500, 3500, 3500, 3500, 3500,
	3500, 3500, 3500, 3500, 3500, 3500, 3500, 3500, 3500, 3500, 3500, 3500, 3500, 3500, 3500, 3500, 3500, 3500, 3500, 3500, 3500, 3500, 3500, 3500, 3500, 3500, 3500, 3500, 3500, 3500, 3500, 3500,
	3500, 3500, 3500, 3500, 3500, 3500, 3500, 3500, 3500, 3500, 3500, 3500, 3500, 3500, 3500, 3500, 3500, 3500, 3500, 3500, 3500, 3500, 3500, 3500, 3500, 3500, 3500, 3500, 3500, 3500, 3500, 3500,
	3500, 3500, 3500, 3500, 3500, 3500, 3500, 3500, 3500, 3500, 3500, 3500, 3500, 3500, 3500, 3500, 3500, 3500, 3500, 3500, 3500, 3500, 3500, 3500, 3500, 3500, 3500, 3500, 3500, 3500, 3500, 3500,
	3500, 3500, 3500, 3500, 3500, 3500, 3500, 3500, 3500, 3500, 3500, 3500, 3500, 3500, 3500, 3500, 3500, 3500, 3500, 3500, 3500, 3500, 3500, 3500, 3500, 3500, 3500, 3500, 3500, 3500, 3500, 3500,
	3500, 3500, 3500, 3500, 3500, 3500, 3500, 3500, 3500, 3500, 3500, 3500, 3500, 3500, 3500, 3500, 3500, 3500, 3500, 3500, 3500, 3500, 3500, 3500, 3500, 3500, 3500, 3500, 3500, 3500, 3500, 3500,
	3500, 3500, 3500, 3500, 3500, 3500, 3500, 3500, 3500, 3500, 3500, 3500, 3500, 3500, 3500, 3500, 3500, 3500, 3500, 3500, 3500, 3500, 3500, 3500, 3500, 3500, 3500, 3500, 3500, 3500, 3500, 3500,
	3500, 3500, 3500, 3500, 3500, 3500, 3500, 3500, 3500, 3500, 3500, 3500, 3500, 3500, 3500, 3500, 3500, 3500, 3500, 3500, 3500, 3500, 3500, 3500, 3500, 3500, 3500, 3500, 3500, 3500, 3500, 3500,
	3500, 3500, 3500, 3500, 3500, 3500, 3500, 3500, 3500, 3500, 3500, 3500, 3500, 3500, 3500, 3500, 3500, 3500, 3500, 3500, 3500, 3500, 3500, 3500, 3500, 3500, 3500, 3500, 3500, 3500, 3500, 3500,
};

RT78FullRawCapLowerLimit = {
	400, 400, 400, 400, 400, 400, 400, 400, 400, 400, 400, 400, 400, 400, 400, 400, 400, 400, 400, 400, 400, 400, 400, 400, 400, 400, 400, 400, 400, 400, 400, 400,
	400, 400, 400, 400, 400, 400, 400, 400, 400, 400, 400, 400, 400, 400, 400, 400, 400, 400, 400, 400, 400, 400, 400, 400, 400, 400, 400, 400, 400, 400, 400, 400,
	400, 400, 400, 400, 400, 400, 400, 400, 400, 400, 400, 400, 400, 400, 400, 400, 400, 400, 400, 400, 400, 400, 400, 400, 400, 400, 400, 400, 400, 400, 400, 400,
	400, 400, 400, 400, 400, 400, 400, 400, 400, 400, 400, 400, 400, 400, 400, 400, 400, 400, 400, 400, 400, 400, 400, 400, 400, 400, 400, 400, 400, 400, 400, 400,
	400, 400, 400, 400, 400, 400, 400, 400, 400, 400, 400, 400, 400, 400, 400, 400, 400, 400, 400, 400, 400, 400, 400, 400, 400, 400, 400, 400, 400, 400, 400, 400,
	400, 400, 400, 400, 400, 400, 400, 400, 400, 400, 400, 400, 400, 400, 400, 400, 400, 400, 400, 400, 400, 400, 400, 400, 400, 400, 400, 400, 400, 400, 400, 400,
	400, 400, 400, 400, 400, 400, 400, 400, 400, 400, 400, 400, 400, 400, 400, 400, 400, 400, 400, 400, 400, 400, 400, 400, 400, 400, 400, 400, 400, 400, 400, 400,
	400, 400, 400, 400, 400, 400, 400, 400, 400, 400, 400, 400, 400, 400, 400, 400, 400, 400, 400, 400, 400, 400, 400, 400, 400, 400, 400, 400, 400, 400, 400, 400,
	400, 400, 400, 400, 400, 400, 400, 400, 400, 400, 400, 400, 400, 400, 400, 400, 400, 400, 400, 400, 400, 400, 400, 400, 400, 400, 400, 400, 400, 400, 400, 400,
	400, 400, 400, 400, 400, 400, 400, 400, 400, 400, 400, 400, 400, 400, 400, 400, 400, 400, 400, 400, 400, 400, 400, 400, 400, 400, 400, 400, 400, 400, 400, 400,
	400, 400, 400, 400, 400, 400, 400, 400, 400, 400, 400, 400, 400, 400, 400, 400, 400, 400, 400, 400, 400, 400, 400, 400, 400, 400, 400, 400, 400, 400, 400, 400,
	400, 400, 400, 400, 400, 400, 400, 400, 400, 400, 400, 400, 400, 400, 400, 400, 400, 400, 400, 400, 400, 400, 400, 400, 400, 400, 400, 400, 400, 400, 400, 400,
	400, 400, 400, 400, 400, 400, 400, 400, 400, 400, 400, 400, 400, 400, 400, 400, 400, 400, 400, 400, 400, 400, 400, 400, 400, 400, 400, 400, 400, 400, 400, 400,
	400, 400, 400, 400, 400, 400, 400, 400, 400, 400, 400, 400, 400, 400, 400, 400, 400, 400, 400, 400, 400, 400, 400, 400, 400, 400, 400, 400, 400, 400, 400, 400,
	400, 400, 400, 400, 400, 400, 400, 400, 400, 400, 400, 400, 400, 400, 400, 400, 400, 400, 400, 400, 400, 400, 400, 400, 400, 400, 400, 400, 400, 400, 400, 400,
	400, 400, 400, 400, 400, 400, 400, 400, 400, 400, 400, 400, 400, 400, 400, 400, 400, 400, 400, 400, 400, 400, 400, 400, 400, 400, 400, 400, 400, 400, 400, 400,
	400, 400, 400, 400, 400, 400, 400, 400, 400, 400, 400, 400, 400, 400, 400, 400, 400, 400, 400, 400, 400, 400, 400, 400, 400, 400, 400, 400, 400, 400, 400, 400,
	400, 400, 400, 400, 400, 400, 400, 400, 400, 400, 400, 400, 400, 400, 400, 400, 400, 400, 400, 400, 400, 400, 400, 400, 400, 400, 400, 400, 400, 400, 400, 400,
	400, 400, 400, 400, 400, 400, 400, 400, 400, 400, 400, 400, 400, 400, 400, 400, 400, 400, 400, 400, 400, 400, 400, 400, 400, 400, 400, 400, 400, 400, 400, 400,
	400, 400, 400, 400, 400, 400, 400, 400, 400, 400, 400, 400, 400, 400, 400, 400, 400, 400, 400, 400, 400, 400, 400, 400, 400, 400, 400, 400, 400, 400, 400, 400,
	400, 400, 400, 400, 400, 400, 400, 400, 400, 400, 400, 400, 400, 400, 400, 400, 400, 400, 400, 400, 400, 400, 400, 400, 400, 400, 400, 400, 400, 400, 400, 400,
	400, 400, 400, 400, 400, 400, 400, 400, 400, 400, 400, 400, 400, 400, 400, 400, 400, 400, 400, 400, 400, 400, 400, 400, 400, 400, 400, 400, 400, 400, 400, 400,
	400, 400, 400, 400, 400, 400, 400, 400, 400, 400, 400, 400, 400, 400, 400, 400, 400, 400, 400, 400, 400, 400, 400, 400, 400, 400, 400, 400, 400, 400, 400, 400,
	400, 400, 400, 400, 400, 400, 400, 400, 400, 400, 400, 400, 400, 400, 400, 400, 400, 400, 400, 400, 400, 400, 400, 400, 400, 400, 400, 400, 400, 400, 400, 400,
	400, 400, 400, 400, 400, 400, 400, 400, 400, 400, 400, 400, 400, 400, 400, 400, 400, 400, 400, 400, 400, 400, 400, 400, 400, 400, 400, 400, 400, 400, 400, 400,
	400, 400, 400, 400, 400, 400, 400, 400, 400, 400, 400, 400, 400, 400, 400, 400, 400, 400, 400, 400, 400, 400, 400, 400, 400, 400, 400, 400, 400, 400, 400, 400,
	400, 400, 400, 400, 400, 400, 400, 400, 400, 400, 400, 400, 400, 400, 400, 400, 400, 400, 400, 400, 400, 400, 400, 400, 400, 400, 400, 400, 400, 400, 400, 400,
	400, 400, 400, 400, 400, 400, 400, 400, 400, 400, 400, 400, 400, 400, 400, 400, 400, 400, 400, 400, 400, 400, 400, 400, 400, 400, 400, 400, 400, 400, 400, 400,
	400, 400, 400, 400, 400, 400, 400, 400, 400, 400, 400, 400, 400, 400, 400, 400, 400, 400, 400, 400, 400, 400, 400, 400, 400, 400, 400, 400, 400, 400, 400, 400,
	400, 400, 400, 400, 400, 400, 400, 400, 400, 400, 400, 400, 400, 400, 400, 400, 400, 400, 400, 400, 400, 400, 400, 400, 400, 400, 400, 400, 400, 400, 400, 400,
	400, 400, 400, 400, 400, 400, 400, 400, 400, 400, 400, 400, 400, 400, 400, 400, 400, 400, 400, 400, 400, 400, 400, 400, 400, 400, 400, 400, 400, 400, 400, 400,
	400, 400, 400, 400, 400, 400, 400, 400, 400, 400, 400, 400, 400, 400, 400, 400, 400, 400, 400, 400, 400, 400, 400, 400, 400, 400, 400, 400, 400, 400, 400, 400,
};

RT78FullRawCapUpperLimit_LPWG = {
	3500, 3500, 3500, 3500, 3500, 3500, 3500, 3500, 3500, 3500, 3500, 3500, 3500, 3500, 3500, 3500, 3500, 3500, 3500, 3500, 3500, 3500, 3500, 3500, 3500, 3500, 3500, 3500, 3500, 3500, 3500, 3500,
	3500, 3500, 3500, 3500, 3500, 3500, 3500, 3500, 3500, 3500, 3500, 3500, 3500, 3500, 3500, 3500, 3500, 3500, 3500, 3500, 3500, 3500, 3500, 3500, 3500, 3500, 3500, 3500, 3500, 3500, 3500, 3500,
	3500, 3500, 3500, 3500, 3500, 3500, 3500, 3500, 3500, 3500, 3500, 3500, 3500, 3500, 3500, 3500, 3500, 3500, 3500, 3500, 3500, 3500, 3500, 3500, 3500, 3500, 3500, 3500, 3500, 3500, 3500, 3500,
	3500, 3500, 3500, 3500, 3500, 3500, 3500, 3500, 3500, 3500, 3500, 3500, 3500, 3500, 3500, 3500, 3500, 3500, 3500, 3500, 3500, 3500, 3500, 3500, 3500, 3500, 3500, 3500, 3500, 3500, 3500, 3500,
	3500, 3500, 3500, 3500, 3500, 3500, 3500, 3500, 3500, 3500, 3500, 3500, 3500, 3500, 3500, 3500, 3500, 3500, 3500, 3500, 3500, 3500, 3500, 3500, 3500, 3500, 3500, 3500, 3500, 3500, 3500, 3500,
	3500, 3500, 3500, 3500, 3500, 3500, 3500, 3500, 3500, 3500, 3500, 3500, 3500, 3500, 3500, 3500, 3500, 3500, 3500, 3500, 3500, 3500, 3500, 3500, 3500, 3500, 3500, 3500, 3500, 3500, 3500, 3500,
	3500, 3500, 3500, 3500, 3500, 3500, 3500, 3500, 3500, 3500, 3500, 3500, 3500, 3500, 3500, 3500, 3500, 3500, 3500, 3500, 3500, 3500, 3500, 3500, 3500, 3500, 3500, 3500, 3500, 3500, 3500, 3500,
	3500, 3500, 3500, 3500, 3500, 3500, 3500, 3500, 3500, 3500, 3500, 3500, 3500, 3500, 3500, 3500, 3500, 3500, 3500, 3500, 3500, 3500, 3500, 3500, 3500, 3500, 3500, 3500, 3500, 3500, 3500, 3500,
	3500, 3500, 3500, 3500, 3500, 3500, 3500, 3500, 3500, 3500, 3500, 3500, 3500, 3500, 3500, 3500, 3500, 3500, 3500, 3500, 3500, 3500, 3500, 3500, 3500, 3500, 3500, 3500, 3500, 3500, 3500, 3500,
	3500, 3500, 3500, 3500, 3500, 3500, 3500, 3500, 3500, 3500, 3500, 3500, 3500, 3500, 3500, 3500, 3500, 3500, 3500, 3500, 3500, 3500, 3500, 3500, 3500, 3500, 3500, 3500, 3500, 3500, 3500, 3500,
	3500, 3500, 3500, 3500, 3500, 3500, 3500, 3500, 3500, 3500, 3500, 3500, 3500, 3500, 3500, 3500, 3500, 3500, 3500, 3500, 3500, 3500, 3500, 3500, 3500, 3500, 3500, 3500, 3500, 3500, 3500, 3500,
	3500, 3500, 3500, 3500, 3500, 3500, 3500, 3500, 3500, 3500, 3500, 3500, 3500, 3500, 3500, 3500, 3500, 3500, 3500, 3500, 3500, 3500, 3500, 3500, 3500, 3500, 3500, 3500, 3500, 3500, 3500, 3500,
	3500, 3500, 3500, 3500, 3500, 3500, 3500, 3500, 3500, 3500, 3500, 3500, 3500, 3500, 3500, 3500, 3500, 3500, 3500, 3500, 3500, 3500, 3500, 3500, 3500, 3500, 3500, 3500, 3500, 3500, 3500, 3500,
	3500, 3500, 3500, 3500, 3500, 3500, 3500, 3500, 3500, 3500, 3500, 3500, 3500, 3500, 3500, 3500, 3500, 3500, 3500, 3500, 3500, 3500, 3500, 3500, 3500, 3500, 3500, 3500, 3500, 3500, 3500, 3500,
	3500, 3500, 3500, 3500, 3500, 3500, 3500, 3500, 3500, 3500, 3500, 3500, 3500, 3500, 3500, 3500, 3500, 3500, 3500, 3500, 3500, 3500, 3500, 3500, 3500, 3500, 3500, 3500, 3500, 3500, 3500, 3500,
	3500, 3500, 3500, 3500, 3500, 3500, 3500, 3500, 3500, 3500, 3500, 3500, 3500, 3500, 3500, 3500, 3500, 3500, 3500, 3500, 3500, 3500, 3500, 3500, 3500, 3500, 3500, 3500, 3500, 3500, 3500, 3500,
	3500, 3500, 3500, 3500, 3500, 3500, 3500, 3500, 3500, 3500, 3500, 3500, 3500, 3500, 3500, 3500, 3500, 3500, 3500, 3500, 3500, 3500, 3500, 3500, 3500, 3500, 3500, 3500, 3500, 3500, 3500, 3500,
	3500, 3500, 3500, 3500, 3500, 3500, 3500, 3500, 3500, 3500, 3500, 3500, 3500, 3500, 3500, 3500, 3500, 3500, 3500, 3500, 3500, 3500, 3500, 3500, 3500, 3500, 3500, 3500, 3500, 3500, 3500, 3500,
	3500, 3500, 3500, 3500, 3500, 3500, 3500, 3500, 3500, 3500, 3500, 3500, 3500, 3500, 3500, 3500, 3500, 3500, 3500, 3500, 3500, 3500, 3500, 3500, 3500, 3500, 3500, 3500, 3500, 3500, 3500, 3500,
	3500, 3500, 3500, 3500, 3500, 3500, 3500, 3500, 3500, 3500, 3500, 3500, 3500, 3500, 3500, 3500, 3500, 3500, 3500, 3500, 3500, 3500, 3500, 3500, 3500, 3500, 3500, 3500, 3500, 3500, 3500, 3500,
	3500, 3500, 3500, 3500, 3500, 3500, 3500, 3500, 3500, 3500, 3500, 3500, 3500, 3500, 3500, 3500, 3500, 3500, 3500, 3500, 3500, 3500, 3500, 3500, 3500, 3500, 3500, 3500, 3500, 3500, 3500, 3500,
	3500, 3500, 3500, 3500, 3500, 3500, 3500, 3500, 3500, 3500, 3500, 3500, 3500, 3500, 3500, 3500, 3500, 3500, 3500, 3500, 3500, 3500, 3500, 3500, 3500, 3500, 3500, 3500, 3500, 3500, 3500, 3500,
	3500, 3500, 3500, 3500, 3500, 3500, 3500, 3500, 3500, 3500, 3500, 3500, 3500, 3500, 3500, 3500, 3500, 3500, 3500, 3500, 3500, 3500, 3500, 3500, 3500, 3500, 3500, 3500, 3500, 3500, 3500, 3500,
	3500, 3500, 3500, 3500, 3500, 3500, 3500, 3500, 3500, 3500, 3500, 3500, 3500, 3500, 3500, 3500, 3500, 3500, 3500, 3500, 3500, 3500, 3500, 3500, 3500, 3500, 3500, 3500, 3500, 3500, 3500, 3500,
	3500, 3500, 3500, 3500, 3500, 3500, 3500, 3500, 3500, 3500, 3500, 3500, 3500, 3500, 3500, 3500, 3500, 3500, 3500, 3500, 3500, 3500, 3500, 3500, 3500, 3500, 3500, 3500, 3500, 3500, 3500, 3500,
	3500, 3500, 3500, 3500, 3500, 3500, 3500, 3500, 3500, 3500, 3500, 3500, 3500, 3500, 3500, 3500, 3500, 3500, 3500, 3500, 3500, 3500, 3500, 3500, 3500, 3500, 3500, 3500, 3500, 3500, 3500, 3500,
	3500, 3500, 3500, 3500, 3500, 3500, 3500, 3500, 3500, 3500, 3500, 3500, 3500, 3500, 3500, 3500, 3500, 3500, 3500, 3500, 3500, 3500, 3500, 3500, 3500, 3500, 3500, 3500, 3500, 3500, 3500, 3500,
	3500, 3500, 3500, 3500, 3500, 3500, 3500, 3500, 3500, 3500, 3500, 3500, 3500, 3500, 3500, 3500, 3500, 3500, 3500, 3500, 3500, 3500, 3500, 3500, 3500, 3500, 3500, 3500, 3500, 3500, 3500, 3500,
	3500, 3500, 3500, 3500, 3500, 3500, 3500, 3500, 3500, 3500, 3500, 3500, 3500, 3500, 3500, 3500, 3500, 3500, 3500, 3500, 3500, 3500, 3500, 3500, 3500, 3500, 3500, 3500, 3500, 3500, 3500, 3500,
	3500, 3500, 3500, 3500, 3500, 3500, 3500, 3500, 3500, 3500, 3500, 3500, 3500, 3500, 3500, 3500, 3500, 3500, 3500, 3500, 3500, 3500, 3500, 3500, 3500, 3500, 3500, 3500, 3500, 3500, 3500, 3500,
	3500, 3500, 3500, 3500, 3500, 3500, 3500, 3500, 3500, 3500, 3500, 3500, 3500, 3500, 3500, 3500, 3500, 3500, 3500, 3500, 3500, 3500, 3500, 3500, 3500, 3500, 3500, 3500, 3500, 3500, 3500, 3500,
	3500, 3500, 3500, 3500, 3500, 3500, 3500, 3500, 3500, 3500, 3500, 3500, 3500, 3500, 3500, 3500, 3500, 3500, 3500, 3500, 3500, 3500, 3500, 3500, 3500, 3500, 3500, 3500, 3500, 3500, 3500, 3500,
};

RT78FullRawCapLowerLimit_LPWG = {
	400, 400, 400, 400, 400, 400, 400, 400, 400, 400, 400, 400, 400, 400, 400, 400, 400, 400, 400, 400, 400, 400, 400, 400, 400, 400, 400, 400, 400, 400, 400, 400,
	400, 400, 400, 400, 400, 400, 400, 400, 400, 400, 400, 400, 400, 400, 400, 400, 400, 400, 400, 400, 400, 400, 400, 400, 400, 400, 400, 400, 400, 400, 400, 400,
	400, 400, 400, 400, 400, 400, 400, 400, 400, 400, 400, 400, 400, 400, 400, 400, 400, 400, 400, 400, 400, 400, 400, 400, 400, 400, 400, 400, 400, 400, 400, 400,
	400, 400, 400, 400, 400, 400, 400, 400, 400, 400, 400, 400, 400, 400, 400, 400, 400, 400, 400, 400, 400, 400, 400, 400, 400, 400, 400, 400, 400, 400, 400, 400,
	400, 400, 400, 400, 400, 400, 400, 400, 400, 400, 400, 400, 400, 400, 400, 400, 400, 400, 400, 400, 400, 400, 400, 400, 400, 400, 400, 400, 400, 400, 400, 400,
	400, 400, 400, 400, 400, 400, 400, 400, 400, 400, 400, 400, 400, 400, 400, 400, 400, 400, 400, 400, 400, 400, 400, 400, 400, 400, 400, 400, 400, 400, 400, 400,
	400, 400, 400, 400, 400, 400, 400, 400, 400, 400, 400, 400, 400, 400, 400, 400, 400, 400, 400, 400, 400, 400, 400, 400, 400, 400, 400, 400, 400, 400, 400, 400,
	400, 400, 400, 400, 400, 400, 400, 400, 400, 400, 400, 400, 400, 400, 400, 400, 400, 400, 400, 400, 400, 400, 400, 400, 400, 400, 400, 400, 400, 400, 400, 400,
	400, 400, 400, 400, 400, 400, 400, 400, 400, 400, 400, 400, 400, 400, 400, 400, 400, 400, 400, 400, 400, 400, 400, 400, 400, 400, 400, 400, 400, 400, 400, 400,
	400, 400, 400, 400, 400, 400, 400, 400, 400, 400, 400, 400, 400, 400, 400, 400, 400, 400, 400, 400, 400, 400, 400, 400, 400, 400, 400, 400, 400, 400, 400, 400,
	400, 400, 400, 400, 400, 400, 400, 400, 400, 400, 400, 400, 400, 400, 400, 400, 400, 400, 400, 400, 400, 400, 400, 400, 400, 400, 400, 400, 400, 400, 400, 400,
	400, 400, 400, 400, 400, 400, 400, 400, 400, 400, 400, 400, 400, 400, 400, 400, 400, 400, 400, 400, 400, 400, 400, 400, 400, 400, 400, 400, 400, 400, 400, 400,
	400, 400, 400, 400, 400, 400, 400, 400, 400, 400, 400, 400, 400, 400, 400, 400, 400, 400, 400, 400, 400, 400, 400, 400, 400, 400, 400, 400, 400, 400, 400, 400,
	400, 400, 400, 400, 400, 400, 400, 400, 400, 400, 400, 400, 400, 400, 400, 400, 400, 400, 400, 400, 400, 400, 400, 400, 400, 400, 400, 400, 400, 400, 400, 400,
	400, 400, 400, 400, 400, 400, 400, 400, 400, 400, 400, 400, 400, 400, 400, 400, 400, 400, 400, 400, 400, 400, 400, 400, 400, 400, 400, 400, 400, 400, 400, 400,
	400, 400, 400, 400, 400, 400, 400, 400, 400, 400, 400, 400, 400, 400, 400, 400, 400, 400, 400, 400, 400, 400, 400, 400, 400, 400, 400, 400, 400, 400, 400, 400,
	400, 400, 400, 400, 400, 400, 400, 400, 400, 400, 400, 400, 400, 400, 400, 400, 400, 400, 400, 400, 400, 400, 400, 400, 400, 400, 400, 400, 400, 400, 400, 400,
	400, 400, 400, 400, 400, 400, 400, 400, 400, 400, 400, 400, 400, 400, 400, 400, 400, 400, 400, 400, 400, 400, 400, 400, 400, 400, 400, 400, 400, 400, 400, 400,
	400, 400, 400, 400, 400, 400, 400, 400, 400, 400, 400, 400, 400, 400, 400, 400, 400, 400, 400, 400, 400, 400, 400, 400, 400, 400, 400, 400, 400, 400, 400, 400,
	400, 400, 400, 400, 400, 400, 400, 400, 400, 400, 400, 400, 400, 400, 400, 400, 400, 400, 400, 400, 400, 400, 400, 400, 400, 400, 400, 400, 400, 400, 400, 400,
	400, 400, 400, 400, 400, 400, 400, 400, 400, 400, 400, 400, 400, 400, 400, 400, 400, 400, 400, 400, 400, 400, 400, 400, 400, 400, 400, 400, 400, 400, 400, 400,
	400, 400, 400, 400, 400, 400, 400, 400, 400, 400, 400, 400, 400, 400, 400, 400, 400, 400, 400, 400, 400, 400, 400, 400, 400, 400, 400, 400, 400, 400, 400, 400,
	400, 400, 400, 400, 400, 400, 400, 400, 400, 400, 400, 400, 400, 400, 400, 400, 400, 400, 400, 400, 400, 400, 400, 400, 400, 400, 400, 400, 400, 400, 400, 400,
	400, 400, 400, 400, 400, 400, 400, 400, 400, 400, 400, 400, 400, 400, 400, 400, 400, 400, 400, 400, 400, 400, 400, 400, 400, 400, 400, 400, 400, 400, 400, 400,
	400, 400, 400, 400, 400, 400, 400, 400, 400, 400, 400, 400, 400, 400, 400, 400, 400, 400, 400, 400, 400, 400, 400, 400, 400, 400, 400, 400, 400, 400, 400, 400,
	400, 400, 400, 400, 400, 400, 400, 400, 400, 400, 400, 400, 400, 400, 400, 400, 400, 400, 400, 400, 400, 400, 400, 400, 400, 400, 400, 400, 400, 400, 400, 400,
	400, 400, 400, 400, 400, 400, 400, 400, 400, 400, 400, 400, 400, 400, 400, 400, 400, 400, 400, 400, 400, 400, 400, 400, 400, 400, 400, 400, 400, 400, 400, 400,
	400, 400, 400, 400, 400, 400, 400, 400, 400, 400, 400, 400, 400, 400, 400, 400, 400, 400, 400, 400, 400, 400, 400, 400, 400, 400, 400, 400, 400, 400, 400, 400,
	400, 400, 400, 400, 400, 400, 400, 400, 400, 400, 400, 400, 400, 400, 400, 400, 400, 400, 400, 400, 400, 400, 400, 400, 400, 400, 400, 400, 400, 400, 400, 400,
	400, 400, 400, 400, 400, 400, 400, 400, 400, 400, 400, 400, 400, 400, 400, 400, 400, 400, 400, 400, 400, 400, 400, 400, 400, 400, 400, 400, 400, 400, 400, 400,
	400, 400, 400, 400, 400, 400, 400, 400, 400, 400, 400, 400, 400, 400, 400, 400, 400, 400, 400, 400, 400, 400, 400, 400, 400, 400, 400, 400, 400, 400, 400, 400,
	400, 400, 400, 400, 400, 400, 400, 400, 400, 400, 400, 400, 400, 400, 400, 400, 400, 400, 400, 400, 400, 400, 400, 400, 400, 400, 400, 400, 400, 400, 400, 400,
};

RT78ElectodeShortUpperLimit = {
	4000, 4000, 4000, 4000, 4000, 4000, 4000, 4000, 4000, 4000, 4000, 4000, 4000, 4000, 4000, 4000, 4000, 4000, 4000, 4000, 4000, 4000, 4000, 4000, 4000, 4000, 4000, 4000, 4000, 4000, 4000, 4000,
	4000, 4000, 4000, 4000, 4000, 4000, 4000, 4000, 4000, 4000, 4000, 4000, 4000, 4000, 4000, 4000, 4000, 4000, 4000, 4000, 4000, 4000, 4000, 4000, 4000, 4000, 4000, 4000, 4000, 4000, 4000, 4000,
	4000, 4000, 4000, 4000, 4000, 4000, 4000, 4000, 4000, 4000, 4000, 4000, 4000, 4000, 4000, 4000, 4000, 4000, 4000, 4000, 4000, 4000, 4000, 4000, 4000, 4000, 4000, 4000, 4000, 4000, 4000, 4000,
	4000, 4000, 4000, 4000, 4000, 4000, 4000, 4000, 4000, 4000, 4000, 4000, 4000, 4000, 4000, 4000, 4000, 4000, 4000, 4000, 4000, 4000, 4000, 4000, 4000, 4000, 4000, 4000, 4000, 4000, 4000, 4000,
	4000, 4000, 4000, 4000, 4000, 4000, 4000, 4000, 4000, 4000, 4000, 4000, 4000, 4000, 4000, 4000, 4000, 4000, 4000, 4000, 4000, 4000, 4000, 4000, 4000, 4000, 4000, 4000, 4000, 4000, 4000, 4000,
	4000, 4000, 4000, 4000, 4000, 4000, 4000, 4000, 4000, 4000, 4000, 4000, 4000, 4000, 4000, 4000, 4000, 4000, 4000, 4000, 4000, 4000, 4000, 4000, 4000, 4000, 4000, 4000, 4000, 4000, 4000, 4000,
	4000, 4000, 4000, 4000, 4000, 4000, 4000, 4000, 4000, 4000, 4000, 4000, 4000, 4000, 4000, 4000, 4000, 4000, 4000, 4000, 4000, 4000, 4000, 4000, 4000, 4000, 4000, 4000, 4000, 4000, 4000, 4000,
	4000, 4000, 4000, 4000, 4000, 4000, 4000, 4000, 4000, 4000, 4000, 4000, 4000, 4000, 4000, 4000, 4000, 4000, 4000, 4000, 4000, 4000, 4000, 4000, 4000, 4000, 4000, 4000, 4000, 4000, 4000, 4000,
	4000, 4000, 4000, 4000, 4000, 4000, 4000, 4000, 4000, 4000, 4000, 4000, 4000, 4000, 4000, 4000, 4000, 4000, 4000, 4000, 4000, 4000, 4000, 4000, 4000, 4000, 4000, 4000, 4000, 4000, 4000, 4000,
	4000, 4000, 4000, 4000, 4000, 4000, 4000, 4000, 4000, 4000, 4000, 4000, 4000, 4000, 4000, 4000, 4000, 4000, 4000, 4000, 4000, 4000, 4000, 4000, 4000, 4000, 4000, 4000, 4000, 4000, 4000, 4000,
	4000, 4000, 4000, 4000, 4000, 4000, 4000, 4000, 4000, 4000, 4000, 4000, 4000, 4000, 4000, 4000, 4000, 4000, 4000, 4000, 4000, 4000, 4000, 4000, 4000, 4000, 4000, 4000, 4000, 4000, 4000, 4000,
	4000, 4000, 4000, 4000, 4000, 4000, 4000, 4000, 4000, 4000, 4000, 4000, 4000, 4000, 4000, 4000, 4000, 4000, 4000, 4000, 4000, 4000, 4000, 4000, 4000, 4000, 4000, 4000, 4000, 4000, 4000, 4000,
	4000, 4000, 4000, 4000, 4000, 4000, 4000, 4000, 4000, 4000, 4000, 4000, 4000, 4000, 4000, 4000, 4000, 4000, 4000, 4000, 4000, 4000, 4000, 4000, 4000, 4000, 4000, 4000, 4000, 4000, 4000, 4000,
	4000, 4000, 4000, 4000, 4000, 4000, 4000, 4000, 4000, 4000, 4000, 4000, 4000, 4000, 4000, 4000, 4000, 4000, 4000, 4000, 4000, 4000, 4000, 4000, 4000, 4000, 4000, 4000, 4000, 4000, 4000, 4000,
	4000, 4000, 4000, 4000, 4000, 4000, 4000, 4000, 4000, 4000, 4000, 4000, 4000, 4000, 4000, 4000, 4000, 4000, 4000, 4000, 4000, 4000, 4000, 4000, 4000, 4000, 4000, 4000, 4000, 4000, 4000, 4000,
	4000, 4000, 4000, 4000, 4000, 4000, 4000, 4000, 4000, 4000, 4000, 4000, 4000, 4000, 4000, 4000, 4000, 4000, 4000, 4000, 4000, 4000, 4000, 4000, 4000, 4000, 4000, 4000, 4000, 4000, 4000, 4000,
	4000, 4000, 4000, 4000, 4000, 4000, 4000, 4000, 4000, 4000, 4000, 4000, 4000, 4000, 4000, 4000, 4000, 4000, 4000, 4000, 4000, 4000, 4000, 4000, 4000, 4000, 4000, 4000, 4000, 4000, 4000, 4000,
	4000, 4000, 4000, 4000, 4000, 4000, 4000, 4000, 4000, 4000, 4000, 4000, 4000, 4000, 4000, 4000, 4000, 4000, 4000, 4000, 4000, 4000, 4000, 4000, 4000, 4000, 4000, 4000, 4000, 4000, 4000, 4000,
	4000, 4000, 4000, 4000, 4000, 4000, 4000, 4000, 4000, 4000, 4000, 4000, 4000, 4000, 4000, 4000, 4000, 4000, 4000, 4000, 4000, 4000, 4000, 4000, 4000, 4000, 4000, 4000, 4000, 4000, 4000, 4000,
	4000, 4000, 4000, 4000, 4000, 4000, 4000, 4000, 4000, 4000, 4000, 4000, 4000, 4000, 4000, 4000, 4000, 4000, 4000, 4000, 4000, 4000, 4000, 4000, 4000, 4000, 4000, 4000, 4000, 4000, 4000, 4000,
	4000, 4000, 4000, 4000, 4000, 4000, 4000, 4000, 4000, 4000, 4000, 4000, 4000, 4000, 4000, 4000, 4000, 4000, 4000, 4000, 4000, 4000, 4000, 4000, 4000, 4000, 4000, 4000, 4000, 4000, 4000, 4000,
	4000, 4000, 4000, 4000, 4000, 4000, 4000, 4000, 4000, 4000, 4000, 4000, 4000, 4000, 4000, 4000, 4000, 4000, 4000, 4000, 4000, 4000, 4000, 4000, 4000, 4000, 4000, 4000, 4000, 4000, 4000, 4000,
	4000, 4000, 4000, 4000, 4000, 4000, 4000, 4000, 4000, 4000, 4000, 4000, 4000, 4000, 4000, 4000, 4000, 4000, 4000, 4000, 4000, 4000, 4000, 4000, 4000, 4000, 4000, 4000, 4000, 4000, 4000, 4000,
	4000, 4000, 4000, 4000, 4000, 4000, 4000, 4000, 4000, 4000, 4000, 4000, 4000, 4000, 4000, 4000, 4000, 4000, 4000, 4000, 4000, 4000, 4000, 4000, 4000, 4000, 4000, 4000, 4000, 4000, 4000, 4000,
	4000, 4000, 4000, 4000, 4000, 4000, 4000, 4000, 4000, 4000, 4000, 4000, 4000, 4000, 4000, 4000, 4000, 4000, 4000, 4000, 4000, 4000, 4000, 4000, 4000, 4000, 4000, 4000, 4000, 4000, 4000, 4000,
	4000, 4000, 4000, 4000, 4000, 4000, 4000, 4000, 4000, 4000, 4000, 4000, 4000, 4000, 4000, 4000, 4000, 4000, 4000, 4000, 4000, 4000, 4000, 4000, 4000, 4000, 4000, 4000, 4000, 4000, 4000, 4000,
	4000, 4000, 4000, 4000, 4000, 4000, 4000, 4000, 4000, 4000, 4000, 4000, 4000, 4000, 4000, 4000, 4000, 4000, 4000, 4000, 4000, 4000, 4000, 4000, 4000, 4000, 4000, 4000, 4000, 4000, 4000, 4000,
	4000, 4000, 4000, 4000, 4000, 4000, 4000, 4000, 4000, 4000, 4000, 4000, 4000, 4000, 4000, 4000, 4000, 4000, 4000, 4000, 4000, 4000, 4000, 4000, 4000, 4000, 4000, 4000, 4000, 4000, 4000, 4000,
	4000, 4000, 4000, 4000, 4000, 4000, 4000, 4000, 4000, 4000, 4000, 4000, 4000, 4000, 4000, 4000, 4000, 4000, 4000, 4000, 4000, 4000, 4000, 4000, 4000, 4000, 4000, 4000, 4000, 4000, 4000, 4000,
	4000, 4000, 4000, 4000, 4000, 4000, 4000, 4000, 4000, 4000, 4000, 4000, 4000, 4000, 4000, 4000, 4000, 4000, 4000, 4000, 4000, 4000, 4000, 4000, 4000, 4000, 4000, 4000, 4000, 4000, 4000, 4000,
	4000, 4000, 4000, 4000, 4000, 4000, 4000, 4000, 4000, 4000, 4000, 4000, 4000, 4000, 4000, 4000, 4000, 4000, 4000, 4000, 4000, 4000, 4000, 4000, 4000, 4000, 4000, 4000, 4000, 4000, 4000, 4000,
	4000, 4000, 4000, 4000, 4000, 4000, 4000, 4000, 4000, 4000, 4000, 4000, 4000, 4000, 4000, 4000, 4000, 4000, 4000, 4000, 4000, 4000, 4000, 4000, 4000, 4000, 4000, 4000, 4000, 4000, 4000, 4000,
};

RT78ElectodeShortLowerLimit = {
	0, 0, 0, 0, 0, 0, 0, 0, 0, 0, 0, 0, 0, 0, 0, 0, 0, 0, 0, 0, 0, 0, 0, 0, 0, 0, 0, 0, 0, 0, 0, 0,
	0, 0, 0, 0, 0, 0, 0, 0, 0, 0, 0, 0, 0, 0, 0, 0, 0, 0, 0, 0, 0, 0, 0, 0, 0, 0, 0, 0, 0, 0, 0, 0,
	0, 0, 0, 0, 0, 0, 0, 0, 0, 0, 0, 0, 0, 0, 0, 0, 0, 0, 0, 0, 0, 0, 0, 0, 0, 0, 0, 0, 0, 0, 0, 0,
	0, 0, 0, 0, 0, 0, 0, 0, 0, 0, 0, 0, 0, 0, 0, 0, 0, 0, 0, 0, 0, 0, 0, 0, 0, 0, 0, 0, 0, 0, 0, 0,
	0, 0, 0, 0, 0, 0, 0, 0, 0, 0, 0, 0, 0, 0, 0, 0, 0, 0, 0, 0, 0, 0, 0, 0, 0, 0, 0, 0, 0, 0, 0, 0,
	0, 0, 0, 0, 0, 0, 0, 0, 0, 0, 0, 0, 0, 0, 0, 0, 0, 0, 0, 0, 0, 0, 0, 0, 0, 0, 0, 0, 0, 0, 0, 0,
	0, 0, 0, 0, 0, 0, 0, 0, 0, 0, 0, 0, 0, 0, 0, 0, 0, 0, 0, 0, 0, 0, 0, 0, 0, 0, 0, 0, 0, 0, 0, 0,
	0, 0, 0, 0, 0, 0, 0, 0, 0, 0, 0, 0, 0, 0, 0, 0, 0, 0, 0, 0, 0, 0, 0, 0, 0, 0, 0, 0, 0, 0, 0, 0,
	0, 0, 0, 0, 0, 0, 0, 0, 0, 0, 0, 0, 0, 0, 0, 0, 0, 0, 0, 0, 0, 0, 0, 0, 0, 0, 0, 0, 0, 0, 0, 0,
	0, 0, 0, 0, 0, 0, 0, 0, 0, 0, 0, 0, 0, 0, 0, 0, 0, 0, 0, 0, 0, 0, 0, 0, 0, 0, 0, 0, 0, 0, 0, 0,
	0, 0, 0, 0, 0, 0, 0, 0, 0, 0, 0, 0, 0, 0, 0, 0, 0, 0, 0, 0, 0, 0, 0, 0, 0, 0, 0, 0, 0, 0, 0, 0,
	0, 0, 0, 0, 0, 0, 0, 0, 0, 0, 0, 0, 0, 0, 0, 0, 0, 0, 0, 0, 0, 0, 0, 0, 0, 0, 0, 0, 0, 0, 0, 0,
	0, 0, 0, 0, 0, 0, 0, 0, 0, 0, 0, 0, 0, 0, 0, 0, 0, 0, 0, 0, 0, 0, 0, 0, 0, 0, 0, 0, 0, 0, 0, 0,
	0, 0, 0, 0, 0, 0, 0, 0, 0, 0, 0, 0, 0, 0, 0, 0, 0, 0, 0, 0, 0, 0, 0, 0, 0, 0, 0, 0, 0, 0, 0, 0,
	0, 0, 0, 0, 0, 0, 0, 0, 0, 0, 0, 0, 0, 0, 0, 0, 0, 0, 0, 0, 0, 0, 0, 0, 0, 0, 0, 0, 0, 0, 0, 0,
	0, 0, 0, 0, 0, 0, 0, 0, 0, 0, 0, 0, 0, 0, 0, 0, 0, 0, 0, 0, 0, 0, 0, 0, 0, 0, 0, 0, 0, 0, 0, 0,
	0, 0, 0, 0, 0, 0, 0, 0, 0, 0, 0, 0, 0, 0, 0, 0, 0, 0, 0, 0, 0, 0, 0, 0, 0, 0, 0, 0, 0, 0, 0, 0,
	0, 0, 0, 0, 0, 0, 0, 0, 0, 0, 0, 0, 0, 0, 0, 0, 0, 0, 0, 0, 0, 0, 0, 0, 0, 0, 0, 0, 0, 0, 0, 0,
	0, 0, 0, 0, 0, 0, 0, 0, 0, 0, 0, 0, 0, 0, 0, 0, 0, 0, 0, 0, 0, 0, 0, 0, 0, 0, 0, 0, 0, 0, 0, 0,
	0, 0, 0, 0, 0, 0, 0, 0, 0, 0, 0, 0, 0, 0, 0, 0, 0, 0, 0, 0, 0, 0, 0, 0, 0, 0, 0, 0, 0, 0, 0, 0,
	0, 0, 0, 0, 0, 0, 0, 0, 0, 0, 0, 0, 0, 0, 0, 0, 0, 0, 0, 0, 0, 0, 0, 0, 0, 0, 0, 0, 0, 0, 0, 0,
	0, 0, 0, 0, 0, 0, 0, 0, 0, 0, 0, 0, 0, 0, 0, 0, 0, 0, 0, 0, 0, 0, 0, 0, 0, 0, 0, 0, 0, 0, 0, 0,
	0, 0, 0, 0, 0, 0, 0, 0, 0, 0, 0, 0, 0, 0, 0, 0, 0, 0, 0, 0, 0, 0, 0, 0, 0, 0, 0, 0, 0, 0, 0, 0,
	0, 0, 0, 0, 0, 0, 0, 0, 0, 0, 0, 0, 0, 0, 0, 0, 0, 0, 0, 0, 0, 0, 0, 0, 0, 0, 0, 0, 0, 0, 0, 0,
	0, 0, 0, 0, 0, 0, 0, 0, 0, 0, 0, 0, 0, 0, 0, 0, 0, 0, 0, 0, 0, 0, 0, 0, 0, 0, 0, 0, 0, 0, 0, 0,
	0, 0, 0, 0, 0, 0, 0, 0, 0, 0, 0, 0, 0, 0, 0, 0, 0, 0, 0, 0, 0, 0, 0, 0, 0, 0, 0, 0, 0, 0, 0, 0,
	0, 0, 0, 0, 0, 0, 0, 0, 0, 0, 0, 0, 0, 0, 0, 0, 0, 0, 0, 0, 0, 0, 0, 0, 0, 0, 0, 0, 0, 0, 0, 0,
	0, 0, 0, 0, 0, 0, 0, 0, 0, 0, 0, 0, 0, 0, 0, 0, 0, 0, 0, 0, 0, 0, 0, 0, 0, 0, 0, 0, 0, 0, 0, 0,
	0, 0, 0, 0, 0, 0, 0, 0, 0, 0, 0, 0, 0, 0, 0, 0, 0, 0, 0, 0, 0, 0, 0, 0, 0, 0, 0, 0, 0, 0, 0, 0,
	0, 0, 0, 0, 0, 0, 0, 0, 0, 0, 0, 0, 0, 0, 0, 0, 0, 0, 0, 0, 0, 0, 0, 0, 0, 0, 0, 0, 0, 0, 0, 0,
	0, 0, 0, 0, 0, 0, 0, 0, 0, 0, 0, 0, 0, 0, 0, 0, 0, 0, 0, 0, 0, 0, 0, 0, 0, 0, 0, 0, 0, 0, 0, 0,
	0, 0, 0, 0, 0, 0, 0, 0, 0, 0, 0, 0, 0, 0, 0, 0, 0, 0, 0, 0, 0, 0, 0, 0, 0, 0, 0, 0, 0, 0, 0, 0,
};